137000
61000
32000
67000
42000
27000
34000
26000
19000
128000
58000
33000
64000
41000
27000
33000
26000
19000
116000
56000
32000
61000
40000
27000
32000
25000
19000
31000
30000
24000
30000
25000
22000
19000
18000
14000
75000
62000
47000
65000
52000
41000
44000
38000
32000
113000
89000
65000
96000
77000
58000
66000
57000
50000
277000
120000
67000
140000
85000
56000
71000
53000
40000
574000
284000
160000
312000
201000
130000
162000
125000
97000
769000
413000
247000
442000
304000
204000
233000
189000
148000
