big  2  14  0 100000
4748 21.0615
5088 19.6541
4828 20.7125
4684 21.3493
4820 20.7469
big  2  14  500 17500
4660 3.75536
4552 3.84446
4600 3.80435
5028 3.48051
4588 3.8143
big  2  16  0 27000
5220 5.17241
5116 5.27756
5172 5.22042
5044 5.35289
4964 5.43916
big  2  16  500 12000
5080 2.3622
5120 2.34375
5048 2.37718
5016 2.39234
5116 2.34558
big  4  14  0 100000
4536 22.0459
4632 21.5889
4568 21.8914
4648 21.5146
4516 22.1435
big  4  14  500 19500
5248 3.7157
5072 3.84464
5344 3.64895
5096 3.82653
5208 3.74424
big  4  16  0 27000
5152 5.24068
5100 5.29412
4852 5.56472
5260 5.13308
5228 5.1645
big  4  16  500 12000
5292 2.26757
5188 2.31303
5200 2.30769
5260 2.28137
5144 2.33281
big  6  14  0 104000
5168 20.1238
5120 20.3125
5184 20.0617
5168 20.1238
5212 19.954
big  6  14  500 18500
5044 3.66772
5028 3.6794
5128 3.60764
4944 3.74191
4920 3.76016
big  6  16  0 28500
5740 4.96516
5656 5.0389
5472 5.20833
5904 4.82724
5824 4.89354
big  6  16  500 12000
5204 2.30592
5204 2.30592
5324 2.25394
5300 2.26415
5252 2.28484
big  8  14  0 104000
5220 19.9234
5404 19.245
5560 18.705
5320 19.5489
5512 18.8679
big  8  14  500 19500
5356 3.64078
5304 3.67647
5328 3.65991
5316 3.66817
5032 3.8752
big  8  16  0 24500
4968 4.93156
4812 5.09144
5104 4.80016
5308 4.61567
5116 4.7889
big  8  16  500 11500
5148 2.23388
5168 2.22523
5108 2.25137
5080 2.26378
5104 2.25313
rcu  2  14  0 192000
4756 40.3701
4756 40.3701
4676 41.0607
4656 41.2371
4648 41.3081
rcu  2  14  500 22000
5148 4.2735
4744 4.63744
5348 4.11369
5188 4.24056
4964 4.43191
rcu  2  16  0 56500
5332 10.5964
5424 10.4167
5236 10.7907
5372 10.5175
5308 10.6443
rcu  2  16  500 16500
5072 3.25315
5224 3.1585
4852 3.40066
5008 3.29473
4952 3.33199
rcu  4  14  0 312500
4636 67.4072
4652 67.1754
4596 67.9939
4536 68.8933
4580 68.2314
rcu  4  14  500 27000
5372 5.02606
5092 5.30244
5416 4.98523
5180 5.21236
5100 5.29412
rcu  4  16  0 89000
4916 18.1041
4748 18.7447
4788 18.5881
4836 18.4036
4840 18.3884
rcu  4  16  500 21500
4724 4.55123
5064 4.24566
4936 4.35575
4676 4.59795
4904 4.38418
rcu  6  14  0 416500
4860 85.6996
4836 86.1249
4844 85.9827
4844 85.9827
4848 85.9117
rcu  6  14  500 28500
5064 5.62796
4892 5.82584
4776 5.96734
5084 5.60582
4976 5.72749
rcu  6  16  0 125000
5080 24.6063
5100 24.5098
5064 24.684
5092 24.5483
5028 24.8608
rcu  6  16  500 26500
5008 5.29153
5072 5.22476
5156 5.13964
5088 5.20833
4924 5.3818
rcu  8  14  0 500000
4796 104.254
4864 102.796
4856 102.965
4884 102.375
4876 102.543
rcu  8  14  500 34000
5468 6.218
5504 6.17733
5380 6.3197
5160 6.58915
5316 6.39579
rcu  8  16  0 156000
5248 29.7256
5172 30.1624
5320 29.3233
5488 28.4257
5208 29.9539
rcu  8  16  500 27000
4420 6.1086
4496 6.00534
4156 6.49663
4044 6.67656
4188 6.44699
newrcu  2  14  0 192000
4700 40.8511
4716 40.7125
4604 41.7029
4716 40.7125
4640 41.3793
newrcu  2  14  500 21500
5012 4.2897
5096 4.219
5276 4.07506
4800 4.47917
4792 4.48664
newrcu  2  16  0 52000
4952 10.5008
4848 10.7261
4684 11.1016
4836 10.7527
4856 10.7084
newrcu  2  16  500 16000
4932 3.24412
4924 3.24939
4972 3.21802
4928 3.24675
4964 3.22321
newrcu  4  14  0 312500
4640 67.3491
4628 67.5238
4724 66.1516
4624 67.5822
4672 66.8878
newrcu  4  14  500 28500
5440 5.23897
5468 5.21214
5416 5.26219
5764 4.94448
5764 4.94448
newrcu  4  16  0 96000
5260 18.251
5192 18.49
5104 18.8088
5200 18.4615
5152 18.6335
newrcu  4  16  500 23000
5520 4.16667
5084 4.524
5340 4.30712
5324 4.32006
5304 4.33635
newrcu  6  14  0 416500
4744 87.7951
4800 86.7708
4824 86.3391
4804 86.6986
4808 86.6265
newrcu  6  14  500 28500
4548 6.26649
4532 6.28861
5084 5.60582
4672 6.10017
4788 5.95238
newrcu  6  16  0 131500
5276 24.9242
5264 24.981
5292 24.8488
5208 25.2496
5388 24.4061
newrcu  6  16  500 27000
5236 5.15661
4828 5.59238
4912 5.49674
5044 5.35289
4920 5.4878
newrcu  8  14  0 500000
4928 101.461
4880 102.459
4836 103.391
4800 104.167
4864 102.796
newrcu  8  14  500 40500
5688 7.12025
5632 7.19105
5740 7.05575
5652 7.16561
5216 7.76457
newrcu  8  16  0 166500
5616 29.6474
5652 29.4586
5584 29.8173
5552 29.9892
5584 29.8173
newrcu  8  16  500 30500
4572 6.67104
4672 6.52825
4700 6.48936
4652 6.55632
4596 6.63621
