big  2  14  0 200000
14112 14.1723
16632 12.025
17272 11.5794
17552 11.3947
17876 11.1882
big  2  14  200 100000
16204 6.17132
19108 5.23341
20436 4.89333
21468 4.6581
22324 4.47948
big  2  14  500 50000
14892 3.35751
16924 2.95438
18188 2.74907
19216 2.602
19296 2.59121
big  2  15  0 100000
14184 7.0502
15748 6.35001
17012 5.8782
18036 5.54447
18200 5.49451
big  2  15  200 50000
11624 4.30145
12444 4.018
13064 3.82731
13776 3.6295
14228 3.5142
big  2  15  500 25000
9060 2.75938
9280 2.69397
9716 2.57308
10184 2.45483
10428 2.39739
big  2  16  0 50000
13844 3.61167
14752 3.38937
15428 3.24086
16020 3.1211
16936 2.95229
big  2  16  200 25000
9280 2.69397
9548 2.61835
9620 2.59875
9900 2.52525
10124 2.46938
big  2  16  500 12500
6244 2.00192
6420 1.94704
6572 1.90201
6632 1.8848
6808 1.83608
big  5  14  0 200000
15940 12.5471
18996 10.5285
19952 10.0241
20320 9.84252
20404 9.802
big  5  14  200 100000
17232 5.80316
20080 4.98008
21552 4.63994
22248 4.49479
22780 4.38982
big  5  14  500 50000
15240 3.28084
17128 2.9192
18356 2.7239
19212 2.60254
19888 2.51408
big  5  15  0 100000
15572 6.42178
17520 5.70776
18912 5.28765
19800 5.05051
20600 4.85437
big  5  15  200 50000
12372 4.04138
13412 3.728
14420 3.46741
14872 3.36202
15448 3.23666
big  5  15  500 25000
9436 2.64943
9996 2.501
10372 2.41034
10688 2.33907
10916 2.29022
big  5  16  0 50000
15336 3.2603
16156 3.09483
16852 2.96701
17504 2.85649
18028 2.77346
big  5  16  200 25000
9904 2.52423
10460 2.39006
9896 2.52627
10216 2.44714
10324 2.42154
big  5  16  500 12500
6392 1.95557
6388 1.95679
6408 1.95069
6572 1.90201
6656 1.878
big  8  14  0 200000
17180 11.6414
20188 9.90688
21016 9.51656
21272 9.40203
21424 9.33532
big  8  14  200 100000
17528 5.70516
20344 4.91545
21928 4.56038
22708 4.40373
22984 4.35085
big  8  14  500 50000
15408 3.24507
17000 2.94118
18276 2.73583
19228 2.60037
19788 2.52678
big  8  15  0 100000
16180 6.18047
18280 5.47046
19728 5.06894
20572 4.86098
21348 4.68428
big  8  15  200 50000
12476 4.00769
13468 3.7125
14300 3.4965
14884 3.35931
15496 3.22664
big  8  15  500 25000
9508 2.62936
9864 2.53447
10128 2.4684
10512 2.37823
10860 2.30203
big  8  16  0 50000
15364 3.25436
16164 3.09329
16848 2.96771
17504 2.85649
18132 2.75756
big  8  16  200 25000
9776 2.55728
10088 2.47819
10308 2.4253
10556 2.36832
10840 2.30627
