big  2  14  0
7352.94
7246.38
6944.44
6802.72
6849.32
6688.96
big  2  14  2
932.836
934.579
929.368
922.509
895.255
892.857
big  2  14  5
399.68
415.628
404.204
419.815
410.846
401.284
big  2  15  0
4878.05
5025.13
5208.33
5000
4761.9
4694.84
big  2  15  2
914.077
905.797
875.657
919.118
917.431
919.118
big  2  15  5
409.165
431.779
400
387.597
381.679
394.322
big  2  16  0
2824.86
2941.18
2645.5
2645.5
2631.58
2793.3
big  2  16  2
737.463
769.231
728.863
748.503
771.605
811.688
big  2  16  5
393.082
368.732
317.259
269.978
254.065
312.5
big  6  14  0
6410.26
6535.95
6514.66
6825.94
6849.32
6711.41
big  6  14  2
1018.33
999.001
970.874
987.167
960.615
956.023
big  6  14  5
441.306
410.846
428.816
432.152
418.76
400
big  6  15  0
5263.16
5291.01
5434.78
5050.51
5076.14
5181.35
big  6  15  2
853.242
847.458
850.34
844.595
872.6
856.164
big  6  15  5
410.509
394.322
403.877
403.226
403.226
405.186
big  6  16  0
2617.8
2777.78
2702.7
2890.17
2840.91
2840.91
big  6  16  2
755.287
748.503
710.227
733.138
744.048
675.676
big  6  16  5
356.125
328.084
316.456
339.674
342.466
334.225
big  10  14  0
6779.66
6666.67
6802.72
7017.54
6849.32
7017.54
big  10  14  2
988.142
964.32
968.054
956.938
976.562
938.967
big  10  14  5
432.152
426.985
407.166
412.201
414.25
388.199
big  10  15  0
5128.21
5235.6
5000
5291.01
4854.37
5154.64
big  10  15  2
886.525
857.633
883.392
872.6
850.34
868.056
big  10  15  5
399.361
387.597
400.641
380.518
381.098
403.226
big  10  16  0
2551.02
2659.57
2645.5
2645.5
2732.24
2688.17
big  10  16  2
720.461
733.138
714.286
690.608
692.521
710.227
big  10  16  5
379.939
372.024
346.26
373.134
376.506
355.114
rcu  2  14  0
2098.64
2049.18
2016.13
1806.68
2134.47
2022.24
rcu  2  14  2
1095.29
1098.9
985.222
994.036
964.32
1000
rcu  2  14  5
621.891
638.57
598.086
620.347
585.48
600.24
rcu  2  15  0
1953.12
1912.05
1992.03
1890.36
1834.86
1718.21
rcu  2  15  2
1022.49
1050.42
1004.02
988.142
1004.02
1033.06
rcu  2  15  5
651.042
617.284
588.235
626.566
621.891
556.793
rcu  2  16  0
1547.99
1184.83
1577.29
1474.93
1519.76
1562.5
rcu  2  16  2
892.857
932.836
896.057
739.645
783.699
954.198
rcu  2  16  5
584.112
563.063
576.037
568.182
441.696
444.84
rcu  6  14  0
4608.29
4535.15
4672.9
4854.37
4830.92
4926.11
rcu  6  14  2
2816.9
2898.55
2881.84
3058.1
2777.78
2898.55
rcu  6  14  5
1736.11
1730.1
1766.78
1760.56
1760.56
1742.16
rcu  6  15  0
5263.16
5376.34
4830.92
5102.04
4901.96
4854.37
rcu  6  15  2
2873.56
2747.25
2659.57
2732.24
2617.8
2857.14
rcu  6  15  5
1798.56
1760.56
1736.11
1582.28
1644.74
1612.9
rcu  6  16  0
4237.29
4166.67
4065.04
4716.98
4672.9
4201.68
rcu  6  16  2
2475.25
2380.95
2358.49
2427.18
2427.18
2577.32
rcu  6  16  5
1506.02
1543.21
1524.39
1543.21
1582.28
1488.1
rcu  10  14  0
6514.66
6578.95
6369.43
6410.26
6289.31
6825.94
rcu  10  14  2
4273.5
4065.04
4132.23
4081.63
4048.58
4237.29
rcu  10  14  5
2475.25
2659.57
2564.1
2450.98
2551.02
2590.67
rcu  10  15  0
6578.95
6250
6666.67
6493.51
6622.52
6024.1
rcu  10  15  2
3968.25
3937.01
4032.26
3875.97
3937.01
3875.97
rcu  10  15  5
2450.98
2525.25
2525.25
2314.81
2450.98
2380.95
rcu  10  16  0
5747.13
6024.1
6250
5882.35
5681.82
5617.98
rcu  10  16  2
3521.13
3787.88
3731.34
3906.25
3676.47
3472.22
rcu  10  16  5
2232.14
2155.17
2272.73
2155.17
2272.73
2155.17
callrcu  2  14  0
5899.71
6230.53
6269.59
6230.53
6289.31
6289.31
callrcu  2  14  2
1547.99
1567.4
1529.05
1529.05
1512.86
1501.5
callrcu  2  14  5
751.88
741.84
728.863
757.576
754.148
745.156
callrcu  2  15  0
4950.5
5000
4975.12
5076.14
5050.51
5050.51
callrcu  2  15  2
1449.28
1457.73
1440.92
1449.28
1377.41
1428.57
callrcu  2  15  5
706.215
688.705
683.06
708.215
639.386
704.225
callrcu  2  16  0
1945.53
1661.13
1754.39
2450.98
1623.38
1730.1
callrcu  2  16  2
844.595
1237.62
1344.09
1302.08
1288.66
841.751
callrcu  2  16  5
496.032
500
471.698
647.668
543.478
506.073
callrcu  6  14  0
5952.38
5952.38
6134.97
6802.72
6872.85
6896.55
callrcu  6  14  2
4000
3968.25
4016.06
3968.25
3846.15
3921.57
callrcu  6  14  5
2232.14
2183.41
2212.39
2109.7
2118.64
2109.7
callrcu  6  15  0
6622.52
6622.52
6172.84
6451.61
6410.26
6535.95
callrcu  6  15  2
3759.4
3816.79
3787.88
3731.34
3759.4
3731.34
callrcu  6  15  5
2049.18
2066.12
2155.17
2100.84
2049.18
2083.33
callrcu  6  16  0
5882.35
6493.51
5882.35
5434.78
5813.95
5617.98
callrcu  6  16  2
3125
3246.75
3164.56
3246.75
3086.42
3164.56
callrcu  6  16  5
1785.71
1785.71
1760.56
1811.59
1785.71
1811.59
callrcu  10  14  0
5934.72
6230.53
6734.01
7142.86
7067.14
6849.32
callrcu  10  14  2
4366.81
4504.5
4291.85
4255.32
4329
4291.85
callrcu  10  14  5
2415.46
2347.42
2272.73
2369.67
2283.11
2380.95
callrcu  10  15  0
6410.26
6493.51
6060.61
6493.51
6250
6410.26
callrcu  10  15  2
4098.36
4132.23
4098.36
4065.04
4132.23
4237.29
callrcu  10  15  5
2272.73
2293.58
2314.81
2380.95
2314.81
2336.45
callrcu  10  16  0
5319.15
6493.51
6097.56
5617.98
5263.16
5617.98
callrcu  10  16  2
3623.19
3731.34
3521.13
3676.47
3676.47
3424.66
callrcu  10  16  5
2016.13
1953.12
2049.18
2016.13
2083.33
1984.13
