big  2  14  0
5934.72
6172.84
6230.53
6369.43
6557.38
6250
big  2  14  2
926.784
961.538
934.579
917.431
886.525
884.956
big  2  14  5
411.184
406.174
404.531
394.322
410.172
407.498
big  2  15  0
4975.12
4830.92
4878.05
4830.92
5000
4975.12
big  2  15  2
938.086
884.956
891.266
894.454
904.159
896.057
big  2  15  5
414.594
391.236
393.082
404.531
370.92
411.184
big  2  16  0
2873.56
2840.91
2840.91
2659.57
2242.15
1510.57
big  2  16  2
450.45
793.651
457.038
435.54
420.168
440.917
big  2  16  5
286.041
263.713
292.74
260.96
274.123
272.926
big  6  14  0
5988.02
6134.97
5899.71
6872.85
6896.55
6920.42
big  6  14  2
987.167
983.284
969.932
968.992
914.913
937.207
big  6  14  5
416.32
404.531
420.875
408.163
402.576
415.973
big  6  15  0
5649.72
5154.64
5405.41
5154.64
5376.34
5102.04
big  6  15  2
847.458
856.164
889.68
833.333
829.187
840.336
big  6  15  5
373.692
382.263
420.168
385.208
358.68
384.615
big  6  16  0
2314.81
2487.56
2590.67
2762.43
2762.43
2762.43
big  6  16  2
708.215
706.215
730.994
712.251
728.863
759.878
big  6  16  5
347.222
312.5
359.195
335.121
330.688
311.721
big  10  14  0
6666.67
6734.01
6734.01
6644.52
6825.94
6872.85
big  10  14  2
950.57
970.874
990.099
936.33
940.734
931.099
big  10  14  5
416.32
423.37
422.654
428.082
431.406
399.68
big  10  15  0
5319.15
5524.86
5319.15
5291.01
5025.13
5181.35
big  10  15  2
905.797
843.17
874.126
872.6
859.107
862.069
big  10  15  5
400.641
390.625
379.363
400
393.082
381.679
big  10  16  0
2487.56
2500
2487.56
2564.1
2512.56
2512.56
big  10  16  2
694.444
720.461
708.215
700.28
692.521
702.247
big  10  16  5
342.466
345.304
320.513
358.166
317.259
332.447
rcu  2  14  0
1982.16
1850.14
1870.91
2061.86
1913.88
1885.01
rcu  2  14  2
1101.32
1058.2
1005.03
946.074
964.32
1005.03
rcu  2  14  5
602.41
592.417
606.061
612.745
585.48
580.72
rcu  2  15  0
1897.53
1785.71
1709.4
1745.2
1540.83
1569.86
rcu  2  15  2
892.857
912.409
1048.22
959.693
859.107
948.767
rcu  2  15  5
526.316
574.713
526.316
554.324
544.662
570.776
rcu  2  16  0
1288.66
1400.56
1347.71
1319.26
1128.67
1010.1
rcu  2  16  2
642.674
651.042
623.441
626.566
591.017
588.235
rcu  2  16  5
408.497
560.538
432.526
420.875
407.166
419.463
rcu  6  14  0
4830.92
4819.28
4597.7
4773.27
4587.16
4640.37
rcu  6  14  2
2702.7
2849
2890.17
2873.56
2857.14
2710.03
rcu  6  14  5
1838.24
1805.05
1718.21
1792.11
1700.68
1792.11
rcu  6  15  0
5464.48
5291.01
5208.33
5102.04
4854.37
5464.48
rcu  6  15  2
2659.57
3030.3
2551.02
2793.3
2923.98
3012.05
rcu  6  15  5
1724.14
1677.85
1798.56
1773.05
1785.71
1689.19
rcu  6  16  0
4587.16
4273.5
3787.88
4545.45
4424.78
3937.01
rcu  6  16  2
2525.25
2358.49
2427.18
2551.02
2336.45
2577.32
rcu  6  16  5
1302.08
1582.28
1623.38
1736.11
1562.5
1644.74
rcu  10  14  0
6535.95
6535.95
6644.52
6578.95
6557.38
6557.38
rcu  10  14  2
4219.41
4115.23
4081.63
4219.41
4065.04
4081.63
rcu  10  14  5
2577.32
2500
2427.18
2463.05
2590.67
2427.18
rcu  10  15  0
6250
6289.31
6493.51
6329.11
6289.31
6535.95
rcu  10  15  2
4132.23
3968.25
3906.25
3846.15
3846.15
3968.25
rcu  10  15  5
2450.98
2336.45
2336.45
2403.85
2427.18
2427.18
rcu  10  16  0
5263.16
5208.33
5813.95
6097.56
5952.38
6172.84
rcu  10  16  2
3472.22
3472.22
3378.38
3521.13
3521.13
3289.47
rcu  10  16  5
2232.14
2450.98
2358.49
2358.49
2083.33
2192.98
callrcu  2  14  0
6493.51
6329.11
6349.21
6269.59
6329.11
6211.18
callrcu  2  14  2
1506.02
1522.07
1488.1
1555.21
1517.45
1503.76
callrcu  2  14  5
778.816
744.048
740.741
736.377
724.638
737.463
callrcu  2  15  0
4926.11
4878.05
4975.12
5154.64
5000
5050.51
callrcu  2  15  2
1483.68
1445.09
1449.28
1457.73
1404.49
1432.66
callrcu  2  15  5
741.84
724.638
720.461
702.247
714.286
750.751
callrcu  2  16  0
3546.1
3521.13
3731.34
3401.36
3105.59
2577.32
callrcu  2  16  2
976.562
806.452
781.25
1091.7
757.576
783.699
callrcu  2  16  5
477.099
466.418
510.204
496.032
494.071
492.126
callrcu  6  14  0
5747.13
6369.43
6779.66
6872.85
6802.72
6896.55
callrcu  6  14  2
4016.06
4000
3984.06
3875.97
3937.01
3831.42
callrcu  6  14  5
2155.17
2202.64
2212.39
2118.64
2183.41
2164.5
callrcu  6  15  0
6622.52
6329.11
6410.26
6211.18
6711.41
6711.41
callrcu  6  15  2
3759.4
3676.47
3759.4
3816.79
3787.88
3703.7
callrcu  6  15  5
2066.12
2136.75
2083.33
2049.18
2136.75
2032.52
callrcu  6  16  0
6172.84
5617.98
6172.84
5263.16
6097.56
5494.51
callrcu  6  16  2
3246.75
3378.38
3246.75
3125
3125
3205.13
callrcu  6  16  5
1811.59
1760.56
1893.94
1923.08
1893.94
1811.59
callrcu  10  14  0
6711.41
6711.41
6825.94
6711.41
6756.76
6734.01
callrcu  10  14  2
4310.34
4405.29
4329
4255.32
4255.32
4329
callrcu  10  14  5
2475.25
2475.25
2427.18
2358.49
2314.81
2242.15
callrcu  10  15  0
6097.56
6578.95
6493.51
6369.43
6329.11
6410.26
callrcu  10  15  2
4032.26
4098.36
4098.36
4098.36
4065.04
4201.68
callrcu  10  15  5
2232.14
2358.49
2272.73
2272.73
2212.39
2252.25
callrcu  10  16  0
5102.04
5813.95
6172.84
5376.34
5494.51
5681.82
callrcu  10  16  2
3731.34
3623.19
3623.19
3731.34
3676.47
3521.13
callrcu  10  16  5
2155.17
2049.18
2083.33
1984.13
2016.13
2155.17
