big  2  14  0
6369.43
6250
6309.15
6230.53
6309.15
6134.97
big  2  14  2
927.644
939.85
912.409
889.68
888.889
888.889
big  2  14  5
432.9
421.23
402.253
408.831
419.815
408.163
big  2  15  0
4878.05
4694.84
4784.69
4694.84
4854.37
4878.05
big  2  15  2
905.797
909.091
875.657
868.056
857.633
853.242
big  2  15  5
403.226
391.85
377.074
390.016
391.85
386.399
big  2  16  0
2857.14
2890.17
2840.91
2747.25
691.563
657.03
big  2  16  2
445.633
786.164
796.178
637.755
753.012
801.282
big  2  16  5
364.431
366.569
363.372
362.319
358.166
366.569
big  6  14  0
6734.01
6666.67
6802.72
6666.67
6734.01
6711.41
big  6  14  2
1012.15
1002
977.517
968.992
944.287
944.287
big  6  14  5
412.541
433.276
429.553
421.941
400
404.858
big  6  15  0
5649.72
5319.15
5263.16
5405.41
5376.34
5263.16
big  6  15  2
910.747
881.834
877.193
877.193
862.069
862.069
big  6  15  5
371.471
415.973
374.813
387.597
393.701
425.17
big  6  16  0
2380.95
2732.24
2808.99
2808.99
2793.3
2777.78
big  6  16  2
746.269
750.751
764.526
786.164
803.859
822.368
big  6  16  5
385.802
382.263
366.569
324.675
369.822
338.753
big  10  14  0
6944.44
6872.85
6849.32
6734.01
6622.52
6688.96
big  10  14  2
981.354
963.391
997.009
968.992
976.562
971.817
big  10  14  5
411.184
432.526
442.478
427.35
427.35
416.32
big  10  15  0
5405.41
5128.21
5235.6
5376.34
5102.04
4975.12
big  10  15  2
919.118
909.091
889.68
938.086
892.857
848.896
big  10  15  5
405.186
375.375
394.322
423.729
442.478
395.57
big  10  16  0
2604.17
2617.8
2538.07
2604.17
2577.32
2747.25
big  10  16  2
786.164
696.379
759.878
778.816
778.816
801.282
big  10  16  5
356.125
352.113
388.199
379.939
388.199
379.939
rcu  2  14  0
2259.89
2125.4
1883.24
2076.84
1990.05
1915.71
rcu  2  14  2
1117.32
1138.95
1079.91
1046.03
1090.51
987.167
rcu  2  14  5
609.756
616.523
632.911
628.931
598.802
606.796
rcu  2  15  0
1834.86
1824.82
1945.53
1926.78
1992.03
1915.71
rcu  2  15  2
1046.03
1012.15
1082.25
1043.84
1048.22
996.016
rcu  2  15  5
637.755
603.865
602.41
588.235
602.41
642.674
rcu  2  16  0
1587.3
1587.3
1582.28
1392.76
1602.56
1779.36
rcu  2  16  2
976.562
1004.02
939.85
929.368
892.857
856.164
rcu  2  16  5
560.538
584.112
543.478
558.036
592.417
563.063
rcu  6  14  0
5167.96
5524.86
5305.04
4962.78
5405.41
4914
rcu  6  14  2
2958.58
2941.18
2906.98
2785.52
3030.3
2816.9
rcu  6  14  5
1742.16
1754.39
1805.05
1742.16
1760.56
1766.78
rcu  6  15  0
5181.35
4854.37
5025.13
4975.12
5235.6
5102.04
rcu  6  15  2
3012.05
2717.39
2808.99
2873.56
2777.78
2808.99
rcu  6  15  5
1811.59
1623.38
1633.99
1785.71
1773.05
1724.14
rcu  6  16  0
4464.29
4504.5
4000
4716.98
4166.67
4424.78
rcu  6  16  2
2403.85
2717.39
2631.58
2631.58
2314.81
2551.02
rcu  6  16  5
1623.38
1582.28
1543.21
1811.59
1562.5
1524.39
rcu  10  14  0
6600.66
6756.76
6451.61
6644.52
6493.51
6622.52
rcu  10  14  2
4184.1
4032.26
4048.58
4065.04
4016.06
4081.63
rcu  10  14  5
2747.25
2512.56
2617.8
2551.02
2538.07
2604.17
rcu  10  15  0
6172.84
6024.1
6211.18
6666.67
6802.72
6329.11
rcu  10  15  2
3875.97
4098.36
4032.26
3937.01
3906.25
3968.25
rcu  10  15  5
2336.45
2500
2427.18
2475.25
2403.85
2500
rcu  10  16  0
5154.64
6097.56
7042.25
6493.51
5263.16
5882.35
rcu  10  16  2
3676.47
3787.88
3731.34
3676.47
3731.34
3571.43
rcu  10  16  5
2232.14
2450.98
2118.64
2192.98
2314.81
2450.98
callrcu  2  14  0
6472.49
6600.66
6349.21
6289.31
6191.95
6116.21
callrcu  2  14  2
1587.3
1522.07
1538.46
1490.31
1517.45
1517.45
callrcu  2  14  5
761.035
748.503
736.377
723.589
742.942
739.645
callrcu  2  15  0
5025.13
5154.64
5235.6
5102.04
5102.04
5128.21
callrcu  2  15  2
1492.54
1466.28
1470.59
1497.01
1510.57
1453.49
callrcu  2  15  5
733.138
690.608
686.813
716.332
668.449
692.521
callrcu  2  16  0
2840.91
2183.41
3597.12
3597.12
3676.47
3378.38
callrcu  2  16  2
1336.9
1256.28
1225.49
965.251
1288.66
1275.51
callrcu  2  16  5
672.043
698.324
514.403
508.13
664.894
531.915
callrcu  6  14  0
6309.15
6451.61
6309.15
6622.52
6622.52
6622.52
callrcu  6  14  2
3891.05
3952.57
3875.97
3921.57
3861
3831.42
callrcu  6  14  5
2252.25
2155.17
2164.5
2202.64
2136.75
2173.91
callrcu  6  15  0
6369.43
6451.61
6622.52
6211.18
6756.76
6711.41
callrcu  6  15  2
3846.15
3703.7
3787.88
3787.88
3649.64
3759.4
callrcu  6  15  5
2272.73
2032.52
2049.18
2032.52
2083.33
2083.33
callrcu  6  16  0
5952.38
6666.67
5747.13
6410.26
6329.11
5555.56
callrcu  6  16  2
3424.66
3205.13
2976.19
3125
3086.42
3164.56
callrcu  6  16  5
1811.59
1760.56
1953.12
1953.12
1893.94
1838.24
callrcu  10  14  0
6451.61
6389.78
6514.66
6269.59
6578.95
6666.67
callrcu  10  14  2
4347.83
4237.29
4405.29
4273.5
4347.83
4347.83
callrcu  10  14  5
2403.85
2392.34
2380.95
2439.02
2392.34
2403.85
callrcu  10  15  0
6711.41
6329.11
6493.51
6578.95
6578.95
6666.67
callrcu  10  15  2
4032.26
4065.04
4065.04
4201.68
4098.36
4065.04
callrcu  10  15  5
2403.85
2293.58
2380.95
2252.25
2380.95
2336.45
callrcu  10  16  0
5813.95
6578.95
5376.34
5681.82
5747.13
6097.56
callrcu  10  16  2
3731.34
3906.25
3846.15
3676.47
3676.47
4032.26
callrcu  10  16  5
2118.64
2272.73
2314.81
2192.98
2118.64
2232.14
