big  2  14  0 71000
5600 12.6786
6332 11.2129
7164 9.91066
7812 9.08858
7332 9.68358
big  2  14  500 16500
4948 3.33468
5108 3.23023
5400 3.05556
5560 2.96763
5776 2.85665
big  2  16  0 15500
4364 3.55179
4300 3.60465
4392 3.52914
4608 3.36372
4656 3.32904
big  2  16  500 9500
5164 1.83966
4944 1.92152
5116 1.85692
4952 1.91842
4964 1.91378
big  4  14  0 65500
4880 13.4221
5788 11.3165
6064 10.8015
6584 9.94836
6876 9.52589
big  4  14  500 16500
4888 3.37561
5132 3.21512
5404 3.05329
5568 2.96336
5764 2.8626
big  4  16  0 16000
4388 3.64631
5064 3.15956
5060 3.16206
5180 3.0888
5700 2.80702
big  4  16  500 9500
5036 1.88642
5296 1.79381
5308 1.78975
5376 1.76711
5284 1.79788
big  6  14  0 67500
5716 11.809
6644 10.1595
7108 9.49634
7176 9.40635
8096 8.33745
big  6  14  500 16500
5040 3.27381
5316 3.10384
5452 3.02641
5644 2.92346
5788 2.85073
big  6  16  0 16000
4692 3.41006
4820 3.3195
5352 2.98954
5588 2.86328
5464 2.92826
big  6  16  500 9500
5156 1.84251
5152 1.84394
5316 1.78706
5112 1.85837
5120 1.85547
big  8  14  0 65500
5336 12.2751
6104 10.7307
6996 9.36249
7284 8.99231
7452 8.78959
big  8  14  500 16000
4884 3.276
5156 3.10318
5428 2.94768
5488 2.91545
5800 2.75862
big  8  16  0 16500
5040 3.27381
5304 3.11086
5528 2.9848
5336 3.0922
5692 2.89881
big  8  16  500 8500
4592 1.85105
4684 1.81469
4600 1.84783
4856 1.75041
5464 1.55564
rcu  2  14  0 131500
4968 26.4694
5700 23.0702
6344 20.7282
6424 20.4701
6496 20.2432
rcu  2  14  500 32000
4772 6.70578
5168 6.19195
5552 5.76369
5876 5.44588
5948 5.37996
rcu  2  16  0 35000
4800 7.29167
5224 6.69985
5224 6.69985
5752 6.08484
5892 5.94026
rcu  2  16  500 19500
5040 3.86905
5016 3.88756
5148 3.78788
5224 3.73277
5256 3.71005
rcu  4  14  0 250000
5408 46.2278
6172 40.5055
6132 40.7697
7112 35.1519
7236 34.5495
rcu  4  14  500 67500
5224 12.9211
6052 11.1533
6452 10.4619
6700 10.0746
6868 9.82819
rcu  4  16  0 69000
5268 13.0979
5600 12.3214
6016 11.4694
6328 10.9039
6400 10.7812
rcu  4  16  500 39000
5032 7.7504
5460 7.14286
5772 6.75676
5920 6.58784
5864 6.65075
rcu  6  14  0 357000
5860 60.9215
6456 55.2974
6528 54.6875
6604 54.0581
6616 53.9601
rcu  6  14  500 96000
4980 19.2771
5800 16.5517
6264 15.3257
6488 14.7965
6644 14.4491
rcu  6  16  0 100000
5684 17.5932
6228 16.0565
6316 15.8328
6856 14.5858
7224 13.8427
rcu  6  16  500 55500
5048 10.9945
5300 10.4717
5620 9.87544
6092 9.11031
5928 9.36235
rcu  8  14  0 500000
6572 76.0803
7344 68.0828
7396 67.6041
7376 67.7874
7400 67.5676
rcu  8  14  500 131500
5172 25.4254
6192 21.2371
6696 19.6386
6716 19.5801
6848 19.2027
rcu  8  16  0 108500
4772 22.7368
5704 19.0217
5568 19.4864
6240 17.3878
6600 16.4394
rcu  8  16  500 73500
5212 14.1021
5592 13.1438
5976 12.2992
6108 12.0334
6368 11.5421
newrcu  2  14  0 138500
5348 25.8975
6060 22.8548
6328 21.8869
6340 21.8454
6532 21.2033
newrcu  2  14  500 34000
5064 6.71406
5620 6.04982
5920 5.74324
6180 5.50162
6420 5.29595
newrcu  2  16  0 34500
5016 6.87799
4872 7.08128
5024 6.86704
5192 6.64484
5220 6.6092
newrcu  2  16  500 18500
4752 3.8931
4724 3.91617
4724 3.91617
5304 3.48793
5880 3.14626
newrcu  4  14  0 208000
4404 47.2298
5220 39.8467
5372 38.7193
5528 37.6266
5304 39.2157
newrcu  4  14  500 65500
5016 13.0582
5620 11.6548
6124 10.6956
6428 10.1898
6632 9.87636
newrcu  4  16  0 69000
5680 12.1479
5596 12.3302
6132 11.2524
5948 11.6005
6336 10.8902
newrcu  4  16  500 39000
5252 7.42574
5292 7.36961
5384 7.24368
5588 6.97924
5684 6.86137
newrcu  6  14  0 357000
5552 64.3012
6368 56.0616
6508 54.8556
6504 54.8893
6480 55.0926
newrcu  6  14  500 92500
4820 19.1909
5564 16.6247
5988 15.4476
6208 14.9001
6392 14.4712
newrcu  6  16  0 92500
5096 18.1515
5360 17.2575
5844 15.8282
6268 14.7575
6328 14.6176
newrcu  6  16  500 56500
5292 10.6765
5632 10.032
5900 9.57627
6124 9.226
6140 9.20195
newrcu  8  14  0 500000
6644 75.2559
7728 64.6998
7972 62.7195
7940 62.9723
7696 64.9688
newrcu  8  14  500 131500
5296 24.8301
6236 21.0872
6672 19.7092
6884 19.1023
6940 18.9481
newrcu  8  16  0 119000
5244 22.6926
6004 19.8201
6336 18.7816
6812 17.4692
7992 14.8899
newrcu  8  16  500 71000
5184 13.696
5352 13.2661
5588 12.7058
5844 12.1492
6264 11.3346
