big  2  14  0 71000
5064 14.0205
5892 12.0502
6656 10.6671
6532 10.8696
6672 10.6415
big  2  14  500 17000
4976 3.4164
5236 3.24675
5472 3.10673
5704 2.98036
5828 2.91695
big  2  16  0 19000
4976 3.81833
5144 3.69362
5252 3.61767
5280 3.59848
5468 3.47476
big  2  16  500 10000
4864 2.05592
4912 2.03583
5012 1.99521
5068 1.97316
5068 1.97316
big  4  14  0 69000
5156 13.3825
5848 11.7989
6188 11.1506
6472 10.6613
6640 10.3916
big  4  14  500 17000
4812 3.53283
5208 3.26421
5544 3.06638
5776 2.94321
5964 2.85044
big  4  16  0 17500
4800 3.64583
5000 3.5
4984 3.51124
5132 3.40998
5228 3.34736
big  4  16  500 9500
4744 2.00253
4796 1.98082
4748 2.00084
4824 1.96932
4916 1.93247
big  6  14  0 67500
5168 13.0611
6204 10.8801
6464 10.4425
6976 9.67603
7028 9.60444
big  6  14  500 17000
5108 3.32811
5420 3.13653
5664 3.00141
5728 2.96788
6000 2.83333
big  6  16  0 17000
5088 3.34119
5296 3.20997
5420 3.13653
5528 3.07525
5732 2.96581
big  6  16  500 9500
4984 1.9061
5100 1.86275
5156 1.84251
5268 1.80334
5292 1.79516
big  8  14  0 65500
5748 11.3953
6364 10.2923
6660 9.83483
6968 9.40011
7184 9.11748
big  8  14  500 17000
5172 3.28693
5492 3.09541
5668 2.99929
5860 2.90102
6064 2.80343
big  8  16  0 17000
5320 3.19549
5576 3.04878
5872 2.8951
6024 2.82205
6016 2.8258
big  8  16  500 9500
5176 1.83539
5132 1.85113
5128 1.85257
5160 1.84109
5188 1.83115
rcu  2  14  0 104000
4728 21.9966
5448 19.0896
5724 18.1691
6052 17.1844
6040 17.2185
rcu  2  14  500 26500
4896 5.41258
5264 5.03419
5564 4.76276
5832 4.5439
6076 4.36142
rcu  2  16  0 29000
4864 5.96217
5212 5.56408
5228 5.54705
5444 5.32697
5500 5.27273
rcu  2  16  500 16000
4828 3.314
4952 3.23102
5004 3.19744
5080 3.14961
5240 3.05344
rcu  4  14  0 119000
4988 23.8573
5816 20.4608
6196 19.2059
6364 18.6989
6452 18.4439
rcu  4  14  500 32000
4908 6.51997
5456 5.8651
5740 5.57491
6164 5.19143
6620 4.83384
rcu  4  16  0 32000
5704 5.6101
5416 5.90842
5620 5.69395
5748 5.56715
6636 4.82218
rcu  4  16  500 18500
5132 3.60483
5612 3.29651
6068 3.04878
5276 3.50644
5524 3.34902
rcu  6  14  0 119000
5532 21.5112
6448 18.4553
6820 17.4487
7080 16.8079
7204 16.5186
rcu  6  14  500 32000
5016 6.37959
5444 5.87803
5768 5.54785
6044 5.29451
6212 5.15132
rcu  6  16  0 32000
5384 5.94354
5636 5.67779
5848 5.47196
5808 5.50964
6160 5.19481
rcu  6  16  500 18500
5076 3.6446
5192 3.56317
5320 3.47744
5500 3.36364
5552 3.33213
rcu  8  14  0 119000
5688 20.9212
6972 17.0683
7352 16.1861
7600 15.6579
7668 15.519
rcu  8  14  500 33000
5288 6.24054
5864 5.62756
6140 5.37459
6396 5.15947
6720 4.91071
rcu  8  16  0 30500
5548 5.49748
5880 5.18707
6288 4.85051
6372 4.78657
6952 4.38723
rcu  8  16  500 18000
5444 3.30639
5252 3.42727
5436 3.31126
5688 3.16456
5500 3.27273
newrcu  2  14  0 138500
5584 24.803
6260 22.1246
6308 21.9562
6236 22.2097
6288 22.0261
newrcu  2  14  500 33000
4916 6.71277
5300 6.22642
5652 5.83864
5956 5.54063
6160 5.35714
newrcu  2  16  0 36500
5024 7.26513
5152 7.08463
5388 6.77431
5476 6.66545
5588 6.53185
newrcu  2  16  500 20000
4944 4.04531
5020 3.98406
5156 3.87898
5240 3.81679
5344 3.74251
newrcu  4  14  0 250000
5088 49.1352
5936 42.1159
6040 41.3907
6068 41.1997
6108 40.9299
newrcu  4  14  500 65500
4972 13.1738
5656 11.5806
6088 10.7589
6404 10.228
6648 9.85259
newrcu  4  16  0 67500
4984 13.5433
5280 12.7841
5572 12.1141
5752 11.735
5948 11.3484
newrcu  4  16  500 39000
5020 7.76892
5216 7.47699
5360 7.27612
5480 7.11679
5692 6.85172
newrcu  6  14  0 357000
5424 65.8186
6264 56.9923
6732 53.0303
6684 53.4111
6604 54.0581
newrcu  6  14  500 100000
5268 18.9825
6196 16.1394
6572 15.2161
6804 14.6972
6920 14.4509
newrcu  6  16  0 96000
5276 18.1956
5800 16.5517
6260 15.3355
6624 14.4928
7032 13.6519
newrcu  6  16  500 56500
5172 10.9242
5512 10.2504
5620 10.0534
5956 9.48623
6028 9.37293
newrcu  8  14  0 500000
6536 76.4994
7404 67.5311
7536 66.3482
7492 66.7379
7500 66.6667
newrcu  8  14  500 131500
5172 25.4254
6192 21.2371
6640 19.8042
6736 19.522
6916 19.0139
newrcu  8  16  0 125000
5540 22.5632
6376 19.6048
7032 17.7759
7176 17.4192
7476 16.7202
newrcu  8  16  500 75500
5272 14.3209
5704 13.2363
5968 12.6508
6364 11.8636
6588 11.4602
