big  2  14  0 68500
4908 13.9568
5496 12.4636
6084 11.259
6260 10.9425
6508 10.5255
big  2  14  200 30500
4900 6.22449
5532 5.51338
5812 5.24776
6076 5.01975
6396 4.76861
big  2  14  500 16000
4708 3.39847
4888 3.27332
5028 3.18218
5344 2.99401
5464 2.92826
big  2  15  0 33500
4376 7.65539
4668 7.17652
5020 6.67331
5316 6.30173
5392 6.21291
big  2  15  200 21000
4664 4.50257
4908 4.27873
5088 4.12736
5328 3.94144
5352 3.92377
big  2  15  500 13500
4808 2.80782
4968 2.71739
5060 2.66798
5176 2.60819
5276 2.55876
big  2  16  0 17000
4400 3.86364
4588 3.70532
4616 3.68284
4720 3.60169
4824 3.52405
big  2  16  200 13000
4564 2.84838
4564 2.84838
4704 2.76361
4788 2.71512
4932 2.63585
big  2  16  500 9500
4664 2.03688
4708 2.01784
4740 2.00422
4680 2.02991
4816 1.97259
big  5  14  0 64000
4840 13.2231
5620 11.3879
6124 10.4507
6344 10.0883
6708 9.54085
big  5  14  200 29000
4884 5.93776
5368 5.40238
5628 5.15281
5932 4.88874
6132 4.72929
big  5  14  500 16500
4980 3.31325
5216 3.16334
5436 3.03532
5636 2.92761
5852 2.81955
big  5  15  0 32000
4772 6.70578
5140 6.22568
5364 5.9657
5684 5.62984
5768 5.54785
big  5  15  200 20500
4896 4.18709
5112 4.01017
5304 3.86501
5460 3.75458
5616 3.65028
big  5  15  500 13500
4984 2.70867
5168 2.61223
5300 2.54717
5376 2.51116
5480 2.4635
big  5  16  0 16500
4780 3.45188
4864 3.39227
4972 3.31858
4972 3.31858
5160 3.19767
big  5  16  200 13000
4868 2.6705
4960 2.62097
5068 2.56511
5096 2.55102
5188 2.50578
big  5  16  500 9500
4868 1.95152
4924 1.92933
4920 1.93089
5060 1.87747
5076 1.87155
big  8  14  0 58000
4644 12.4892
5324 10.8941
5684 10.2041
6008 9.65379
6180 9.38511
big  8  14  200 28000
4780 5.85774
5172 5.41377
5476 5.11322
5736 4.88145
5952 4.7043
big  8  14  500 16000
4780 3.34728
5132 3.11769
5376 2.97619
5488 2.91545
5628 2.84293
big  8  15  0 30500
4708 6.47833
5080 6.00394
5316 5.7374
5528 5.51737
5760 5.29514
big  8  15  200 20000
4812 4.15628
5064 3.94945
5260 3.80228
5404 3.70096
5516 3.62582
big  8  15  500 13500
5000 2.7
5144 2.62442
5276 2.55876
5384 2.50743
5540 2.43682
big  8  16  0 16000
4708 3.39847
4860 3.29218
4940 3.23887
5084 3.14713
5188 3.08404
big  8  16  200 12500
4788 2.61069
4852 2.57626
4964 2.51813
5020 2.49004
5092 2.45483
big  8  16  500 9500
4848 1.95957
4920 1.93089
4996 1.90152
5040 1.88492
5164 1.83966
rcu  2  14  0 15500
4540 3.4141
4368 3.54853
4776 3.24539
4948 3.13258
5176 2.99459
rcu  2  14  200 15000
5116 2.93198
5328 2.81532
5644 2.65769
5836 2.57025
5676 2.64271
rcu  2  14  500 12000
5180 2.3166
5288 2.26929
5504 2.18023
5572 2.15363
5772 2.079
rcu  2  15  0 15000
5112 2.93427
5468 2.74323
5176 2.89799
5224 2.87136
5828 2.57378
rcu  2  15  200 12500
5152 2.42624
4904 2.54894
4884 2.55938
5232 2.38914
5068 2.46646
rcu  2  15  500 11000
4992 2.20353
5212 2.11051
5256 2.09285
5532 1.98843
5832 1.88615
rcu  2  16  0 9500
4008 2.37026
4108 2.31256
4404 2.15713
4528 2.09806
4568 2.07968
rcu  2  16  200 9000
4660 1.93133
4476 2.01072
4520 1.99115
4664 1.92967
4660 1.93133
rcu  2  16  500 7000
4324 1.61887
4128 1.69574
4336 1.61439
4504 1.55417
4124 1.69738
rcu  5  14  0 37500
4556 8.2309
5060 7.41107
5216 7.18942
5680 6.60211
5708 6.56973
rcu  5  14  200 31000
4472 6.93202
5228 5.92961
5348 5.79656
5716 5.42337
5848 5.30096
rcu  5  14  500 23500
4788 4.9081
5032 4.67011
5460 4.30403
5652 4.15782
6028 3.89847
rcu  5  15  0 32500
4872 6.67077
4936 6.58428
5436 5.97866
5736 5.66597
5528 5.87916
rcu  5  15  200 26000
4832 5.38079
4992 5.20833
5200 5
5320 4.88722
5352 4.858
rcu  5  15  500 20500
4740 4.32489
5060 4.05138
5404 3.79349
5388 3.80475
5404 3.79349
rcu  5  16  0 22000
4540 4.84581
4692 4.68883
4920 4.47154
4828 4.55675
5180 4.2471
rcu  5  16  200 19000
4832 3.93212
4888 3.88707
4808 3.95175
4864 3.90625
5004 3.79696
rcu  5  16  500 16000
4988 3.2077
4988 3.2077
4860 3.29218
5076 3.15209
5016 3.18979
rcu  8  14  0 56500
4332 13.0425
5120 11.0352
5208 10.8487
5664 9.97528
5912 9.55683
rcu  8  14  200 44500
4452 9.99551
4908 9.06683
5232 8.50535
5640 7.89007
5616 7.92379
rcu  8  14  500 32500
4648 6.99225
5044 6.4433
5420 5.99631
5648 5.75425
5908 5.50102
rcu  8  15  0 48000
4608 10.4167
4968 9.66184
5240 9.16031
5532 8.67679
5724 8.38574
rcu  8  15  200 38500
4920 7.8252
5036 7.64496
5308 7.2532
5468 7.04097
5900 6.52542
rcu  8  15  500 29000
4856 5.97199
5028 5.7677
5376 5.39435
5640 5.14184
5932 4.88874
rcu  8  16  0 33000
4876 6.76784
4912 6.71824
5024 6.56847
5264 6.269
5208 6.33641
rcu  8  16  200 28500
4812 5.92269
4952 5.75525
5256 5.42237
5320 5.35714
5576 5.11119
rcu  8  16  500 25000
5508 4.53885
5536 4.5159
5700 4.38596
5676 4.40451
5960 4.19463
callrcu  2  14  0 138500
5028 27.5457
5732 24.1626
6052 22.885
6284 22.0401
6324 21.9007
callrcu  2  14  200 60000
4892 12.2649
5552 10.8069
5940 10.101
6256 9.59079
6400 9.375
callrcu  2  14  500 33500
4936 6.78687
5428 6.1717
5756 5.82001
5964 5.61704
6260 5.35144
callrcu  2  15  0 70000
4724 14.818
5276 13.2676
5516 12.6904
5744 12.1866
5992 11.6822
callrcu  2  15  200 42500
4828 8.80282
5204 8.16679
5492 7.73853
5752 7.38873
5892 7.21317
callrcu  2  15  500 28000
5048 5.54675
5248 5.33537
5476 5.11322
5676 4.93305
5868 4.77164
callrcu  2  16  0 35500
4692 7.56607
4784 7.42057
5004 7.09432
5192 6.83744
5244 6.76964
callrcu  2  16  200 26500
4664 5.68182
4804 5.51624
4956 5.34705
5088 5.20833
5220 5.07663
callrcu  2  16  500 20000
4900 4.08163
4988 4.00962
5116 3.9093
5180 3.861
5304 3.77074
callrcu  5  14  0 287000
4988 57.5381
5756 49.861
5828 49.245
5916 48.5125
5972 48.0576
callrcu  5  14  200 142000
4956 28.6521
5832 24.3484
6236 22.771
6380 22.2571
6512 21.8059
callrcu  5  14  500 80000
4896 16.3399
5692 14.0548
6176 12.9534
6428 12.4456
6720 11.9048
callrcu  5  15  0 156000
5484 28.4464
6140 25.4072
6564 23.766
6828 22.8471
7204 21.6546
callrcu  5  15  200 100500
5132 19.583
5816 17.2799
6248 16.0851
6672 15.0629
6888 14.5906
callrcu  5  15  500 65000
5000 13
5468 11.8873
6088 10.6767
6168 10.5383
6396 10.1626
callrcu  5  16  0 81000
5028 16.1098
5352 15.1345
5636 14.3719
5948 13.618
6204 13.0561
callrcu  5  16  200 62500
4936 12.6621
5192 12.0378
5452 11.4637
5708 10.9495
5904 10.586
callrcu  5  16  500 48500
5036 9.63066
5300 9.15094
5536 8.76084
5700 8.50877
5880 8.2483
callrcu  8  14  0 384500
4952 77.6454
5624 68.3677
5740 66.9861
5736 67.0328
5708 67.3616
callrcu  8  14  200 206500
4796 43.0567
5628 36.6915
5876 35.143
5988 34.4856
5996 34.4396
callrcu  8  14  500 123500
4896 25.2247
5796 21.3078
6200 19.9194
6376 19.3695
6408 19.2728
callrcu  8  15  0 221000
5232 42.2401
6236 35.4394
6660 33.1832
6988 31.6256
7148 30.9177
callrcu  8  15  200 152000
5224 29.0965
6032 25.1989
6520 23.3129
6944 21.8894
7140 21.2885
callrcu  8  15  500 102000
5056 20.1741
5672 17.9831
6156 16.5692
6488 15.7213
6780 15.0442
callrcu  8  16  0 116500
5080 22.9331
5596 20.8184
6088 19.136
6384 18.2487
6664 17.482
callrcu  8  16  200 94500
5016 18.8397
5488 17.2194
5880 16.0714
6152 15.3609
6464 14.6194
callrcu  8  16  500 74000
5052 14.6477
5380 13.7546
5688 13.0098
5948 12.4412
6152 12.0286
